5.056707535218131255e+01
5.056707535218131255e+01
5.202477434344697116e+01
4.081557175543859728e+01
8.067609934418588580e+01
8.047503741435613733e+01
4.081557175543859728e+01
5.056707535218131255e+01
5.056707535218131255e+01
5.202477434344697116e+01
5.202477434344697116e+01
4.735008447490535843e+01
5.056707535218131255e+01
5.056707535218131255e+01
5.066760631709618679e+01
4.735008447490535843e+01
4.735008447490535843e+01
5.202477434344697116e+01
5.202477434344697116e+01
5.056707535218131255e+01
5.056707535218131255e+01
4.714902254507560997e+01
4.714902254507560997e+01
4.714902254507560997e+01
4.307751846602324264e+01
4.307751846602324264e+01
4.714902254507560997e+01
4.714902254507560997e+01
4.714902254507560997e+01
5.056707535218131255e+01
5.056707535218131255e+01
5.056707535218131255e+01
5.056707535218131255e+01
4.081557175543859728e+01
4.081557175543859728e+01
4.081557175543859728e+01
4.714902254507560997e+01
4.714902254507560997e+01
5.056707535218131255e+01
4.714902254507560997e+01
5.056707535218131255e+01
1.543652966267880799e+02
5.056707535218131255e+01
1.378782183807488479e+02
5.056707535218131255e+01
5.056707535218131255e+01
5.066760631709618679e+01
5.066760631709618679e+01
5.036601342235156409e+01
5.066760631709618679e+01
5.066760631709618679e+01
4.735008447490535843e+01
5.066760631709618679e+01
6.207787083493431624e+01
6.247999469459381316e+01
5.036601342235156409e+01
5.036601342235156409e+01
5.066760631709618679e+01
6.247999469459381316e+01
6.247999469459381316e+01
5.066760631709618679e+01
5.066760631709618679e+01
6.247999469459381316e+01
5.066760631709618679e+01
